# Gnuplot colour map
# cptutils 1.46, Fri Apr  5 20:54:19 2013
0.00000 1.00000 0.00000 0.00000
0.00390 1.00000 0.00000 0.00000
0.00390 0.97255 0.02745 0.00000
0.00780 0.97255 0.02745 0.00000
0.00780 0.94902 0.05098 0.00000
0.01170 0.94902 0.05098 0.00000
0.01170 0.92549 0.07451 0.00000
0.01560 0.92549 0.07451 0.00000
0.01560 0.90196 0.09804 0.00000
0.01950 0.90196 0.09804 0.00000
0.01950 0.88235 0.11765 0.00000
0.02340 0.88235 0.11765 0.00000
0.02340 0.86275 0.13725 0.00000
0.02730 0.86275 0.13725 0.00000
0.02730 0.84706 0.15294 0.00000
0.03120 0.84706 0.15294 0.00000
0.03120 0.82745 0.17255 0.00000
0.03520 0.82745 0.17255 0.00000
0.03520 0.81176 0.18824 0.00000
0.03910 0.81176 0.18824 0.00000
0.03910 0.80000 0.20000 0.00000
0.04300 0.80000 0.20000 0.00000
0.04300 0.78431 0.21569 0.00000
0.04690 0.78431 0.21569 0.00000
0.04690 0.76863 0.23137 0.00000
0.05080 0.76863 0.23137 0.00000
0.05080 0.75686 0.24314 0.00000
0.05470 0.75686 0.24314 0.00000
0.05470 0.74510 0.25490 0.00000
0.05860 0.74510 0.25490 0.00000
0.05860 0.73333 0.26667 0.00000
0.06250 0.73333 0.26667 0.00000
0.06250 0.72157 0.27843 0.00000
0.06640 0.72157 0.27843 0.00000
0.06640 0.70980 0.29020 0.00000
0.07030 0.70980 0.29020 0.00000
0.07030 0.69804 0.30196 0.00000
0.07420 0.69804 0.30196 0.00000
0.07420 0.69020 0.30980 0.00000
0.07810 0.69020 0.30980 0.00000
0.07810 0.67843 0.32157 0.00000
0.08200 0.67843 0.32157 0.00000
0.08200 0.67059 0.32941 0.00000
0.08590 0.67059 0.32941 0.00000
0.08590 0.65882 0.34118 0.00000
0.08980 0.65882 0.34118 0.00000
0.08980 0.65098 0.34902 0.00000
0.09380 0.65098 0.34902 0.00000
0.09380 0.64314 0.35686 0.00000
0.09770 0.64314 0.35686 0.00000
0.09770 0.63529 0.36471 0.00000
0.10160 0.63529 0.36471 0.00000
0.10160 0.62353 0.37647 0.00000
0.10550 0.62353 0.37647 0.00000
0.10550 0.61569 0.38431 0.00000
0.10940 0.61569 0.38431 0.00000
0.10940 0.60784 0.39216 0.00000
0.11330 0.60784 0.39216 0.00000
0.11330 0.60000 0.40000 0.00000
0.11720 0.60000 0.40000 0.00000
0.11720 0.59216 0.40784 0.00000
0.12110 0.59216 0.40784 0.00000
0.12110 0.58431 0.41569 0.00000
0.12500 0.58431 0.41569 0.00000
0.12500 0.57647 0.42353 0.00000
0.12890 0.57647 0.42353 0.00000
0.12890 0.56863 0.43137 0.00000
0.13280 0.56863 0.43137 0.00000
0.13280 0.56078 0.43922 0.00000
0.13670 0.56078 0.43922 0.00000
0.13670 0.55686 0.44314 0.00000
0.14060 0.55686 0.44314 0.00000
0.14060 0.54902 0.45098 0.00000
0.14450 0.54902 0.45098 0.00000
0.14450 0.54118 0.45882 0.00000
0.14840 0.54118 0.45882 0.00000
0.14840 0.53333 0.46667 0.00000
0.15230 0.53333 0.46667 0.00000
0.15230 0.52549 0.47451 0.00000
0.15620 0.52549 0.47451 0.00000
0.15620 0.51765 0.48235 0.00000
0.16020 0.51765 0.48235 0.00000
0.16020 0.51373 0.48627 0.00000
0.16410 0.51373 0.48627 0.00000
0.16410 0.50588 0.49412 0.00000
0.16800 0.50588 0.49412 0.00000
0.16800 0.49804 0.50196 0.00000
0.17190 0.49804 0.50196 0.00000
0.17190 0.49020 0.50980 0.00000
0.17580 0.49020 0.50980 0.00000
0.17580 0.48235 0.51765 0.00000
0.17970 0.48235 0.51765 0.00000
0.17970 0.47451 0.52549 0.00000
0.18360 0.47451 0.52549 0.00000
0.18360 0.47059 0.52941 0.00000
0.18750 0.47059 0.52941 0.00000
0.18750 0.46275 0.53725 0.00000
0.19140 0.46275 0.53725 0.00000
0.19140 0.45490 0.54510 0.00000
0.19530 0.45490 0.54510 0.00000
0.19530 0.44706 0.55294 0.00000
0.19920 0.44706 0.55294 0.00000
0.19920 0.43922 0.56078 0.00000
0.20310 0.43922 0.56078 0.00000
0.20310 0.43137 0.56863 0.00000
0.20700 0.43137 0.56863 0.00000
0.20700 0.42353 0.57647 0.00000
0.21090 0.42353 0.57647 0.00000
0.21090 0.41569 0.58431 0.00000
0.21480 0.41569 0.58431 0.00000
0.21480 0.41176 0.58824 0.00000
0.21880 0.41176 0.58824 0.00000
0.21880 0.40392 0.59608 0.00000
0.22270 0.40392 0.59608 0.00000
0.22270 0.39216 0.60784 0.00000
0.22660 0.39216 0.60784 0.00000
0.22660 0.38431 0.61569 0.00000
0.23050 0.38431 0.61569 0.00000
0.23050 0.37647 0.62353 0.00000
0.23440 0.37647 0.62353 0.00000
0.23440 0.36863 0.63137 0.00000
0.23830 0.36863 0.63137 0.00000
0.23830 0.36078 0.63922 0.00000
0.24220 0.36078 0.63922 0.00000
0.24220 0.35294 0.64706 0.00000
0.24610 0.35294 0.64706 0.00000
0.24610 0.34118 0.65882 0.00000
0.25000 0.34118 0.65882 0.00000
0.25000 0.33333 0.66667 0.00000
0.25390 0.33333 0.66667 0.00000
0.25390 0.32549 0.67451 0.00000
0.25780 0.32549 0.67451 0.00000
0.25780 0.31373 0.68627 0.00000
0.26170 0.31373 0.68627 0.00000
0.26170 0.30196 0.69804 0.00000
0.26560 0.30196 0.69804 0.00000
0.26560 0.29412 0.70588 0.00000
0.26950 0.29412 0.70588 0.00000
0.26950 0.28235 0.71765 0.00000
0.27340 0.28235 0.71765 0.00000
0.27340 0.27059 0.72941 0.00000
0.27730 0.27059 0.72941 0.00000
0.27730 0.25882 0.74118 0.00000
0.28120 0.25882 0.74118 0.00000
0.28120 0.24706 0.75294 0.00000
0.28520 0.24706 0.75294 0.00000
0.28520 0.23529 0.76471 0.00000
0.28910 0.23529 0.76471 0.00000
0.28910 0.21961 0.78039 0.00000
0.29300 0.21961 0.78039 0.00000
0.29300 0.20784 0.79216 0.00000
0.29690 0.20784 0.79216 0.00000
0.29690 0.19216 0.80784 0.00000
0.30080 0.19216 0.80784 0.00000
0.30080 0.17647 0.82353 0.00000
0.30470 0.17647 0.82353 0.00000
0.30470 0.16078 0.83922 0.00000
0.30860 0.16078 0.83922 0.00000
0.30860 0.14118 0.85882 0.00000
0.31250 0.14118 0.85882 0.00000
0.31250 0.12549 0.87451 0.00000
0.31640 0.12549 0.87451 0.00000
0.31640 0.10588 0.89412 0.00000
0.32030 0.10588 0.89412 0.00000
0.32030 0.08235 0.91765 0.00000
0.32420 0.08235 0.91765 0.00000
0.32420 0.05882 0.94118 0.00000
0.32810 0.05882 0.94118 0.00000
0.32810 0.03529 0.96471 0.00000
0.33200 0.03529 0.96471 0.00000
0.33200 0.00784 0.99216 0.00000
0.33590 0.00784 0.99216 0.00000
0.33590 0.00000 0.98039 0.01961
0.33980 0.00000 0.98039 0.01961
0.33980 0.00000 0.95686 0.04314
0.34380 0.00000 0.95686 0.04314
0.34380 0.00000 0.93333 0.06667
0.34770 0.00000 0.93333 0.06667
0.34770 0.00000 0.90980 0.09020
0.35160 0.00000 0.90980 0.09020
0.35160 0.00000 0.89020 0.10980
0.35550 0.00000 0.89020 0.10980
0.35550 0.00000 0.87059 0.12941
0.35940 0.00000 0.87059 0.12941
0.35940 0.00000 0.85098 0.14902
0.36330 0.00000 0.85098 0.14902
0.36330 0.00000 0.83529 0.16471
0.36720 0.00000 0.83529 0.16471
0.36720 0.00000 0.81961 0.18039
0.37110 0.00000 0.81961 0.18039
0.37110 0.00000 0.80392 0.19608
0.37500 0.00000 0.80392 0.19608
0.37500 0.00000 0.78824 0.21176
0.37890 0.00000 0.78824 0.21176
0.37890 0.00000 0.77647 0.22353
0.38280 0.00000 0.77647 0.22353
0.38280 0.00000 0.76078 0.23922
0.38670 0.00000 0.76078 0.23922
0.38670 0.00000 0.74902 0.25098
0.39060 0.00000 0.74902 0.25098
0.39060 0.00000 0.73725 0.26275
0.39450 0.00000 0.73725 0.26275
0.39450 0.00000 0.72549 0.27451
0.39840 0.00000 0.72549 0.27451
0.39840 0.00000 0.71373 0.28627
0.40230 0.00000 0.71373 0.28627
0.40230 0.00000 0.70196 0.29804
0.40620 0.00000 0.70196 0.29804
0.40620 0.00000 0.69412 0.30588
0.41020 0.00000 0.69412 0.30588
0.41020 0.00000 0.68235 0.31765
0.41410 0.00000 0.68235 0.31765
0.41410 0.00000 0.67451 0.32549
0.41800 0.00000 0.67451 0.32549
0.41800 0.00000 0.66275 0.33725
0.42190 0.00000 0.66275 0.33725
0.42190 0.00000 0.65490 0.34510
0.42580 0.00000 0.65490 0.34510
0.42580 0.00000 0.64706 0.35294
0.42970 0.00000 0.64706 0.35294
0.42970 0.00000 0.63529 0.36471
0.43360 0.00000 0.63529 0.36471
0.43360 0.00000 0.62745 0.37255
0.43750 0.00000 0.62745 0.37255
0.43750 0.00000 0.61961 0.38039
0.44140 0.00000 0.61961 0.38039
0.44140 0.00000 0.61176 0.38824
0.44530 0.00000 0.61176 0.38824
0.44530 0.00000 0.60392 0.39608
0.44920 0.00000 0.60392 0.39608
0.44920 0.00000 0.59608 0.40392
0.45310 0.00000 0.59608 0.40392
0.45310 0.00000 0.58824 0.41176
0.45700 0.00000 0.58824 0.41176
0.45700 0.00000 0.58039 0.41961
0.46090 0.00000 0.58039 0.41961
0.46090 0.00000 0.57255 0.42745
0.46480 0.00000 0.57255 0.42745
0.46480 0.00000 0.56471 0.43529
0.46880 0.00000 0.56471 0.43529
0.46880 0.00000 0.55686 0.44314
0.47270 0.00000 0.55686 0.44314
0.47270 0.00000 0.54902 0.45098
0.47660 0.00000 0.54902 0.45098
0.47660 0.00000 0.54118 0.45882
0.48050 0.00000 0.54118 0.45882
0.48050 0.00000 0.53725 0.46275
0.48440 0.00000 0.53725 0.46275
0.48440 0.00000 0.52941 0.47059
0.48830 0.00000 0.52941 0.47059
0.48830 0.00000 0.52157 0.47843
0.49220 0.00000 0.52157 0.47843
0.49220 0.00000 0.51373 0.48627
0.49610 0.00000 0.51373 0.48627
0.49610 0.00000 0.50588 0.49412
0.50000 0.00000 0.50588 0.49412
0.50000 0.00000 0.50196 0.49804
0.50390 0.00000 0.50196 0.49804
0.50390 0.00000 0.49412 0.50588
0.50780 0.00000 0.49412 0.50588
0.50780 0.00000 0.48627 0.51373
0.51170 0.00000 0.48627 0.51373
0.51170 0.00000 0.47843 0.52157
0.51560 0.00000 0.47843 0.52157
0.51560 0.00000 0.47059 0.52941
0.51950 0.00000 0.47059 0.52941
0.51950 0.00000 0.46275 0.53725
0.52340 0.00000 0.46275 0.53725
0.52340 0.00000 0.45882 0.54118
0.52730 0.00000 0.45882 0.54118
0.52730 0.00000 0.45098 0.54902
0.53120 0.00000 0.45098 0.54902
0.53120 0.00000 0.44314 0.55686
0.53520 0.00000 0.44314 0.55686
0.53520 0.00000 0.43529 0.56471
0.53910 0.00000 0.43529 0.56471
0.53910 0.00000 0.42745 0.57255
0.54300 0.00000 0.42745 0.57255
0.54300 0.00000 0.41961 0.58039
0.54690 0.00000 0.41961 0.58039
0.54690 0.00000 0.41176 0.58824
0.55080 0.00000 0.41176 0.58824
0.55080 0.00000 0.40392 0.59608
0.55470 0.00000 0.40392 0.59608
0.55470 0.00000 0.39608 0.60392
0.55860 0.00000 0.39608 0.60392
0.55860 0.00000 0.38824 0.61176
0.56250 0.00000 0.38824 0.61176
0.56250 0.00000 0.38039 0.61961
0.56640 0.00000 0.38039 0.61961
0.56640 0.00000 0.37255 0.62745
0.57030 0.00000 0.37255 0.62745
0.57030 0.00000 0.36471 0.63529
0.57420 0.00000 0.36471 0.63529
0.57420 0.00000 0.35294 0.64706
0.57810 0.00000 0.35294 0.64706
0.57810 0.00000 0.34510 0.65490
0.58200 0.00000 0.34510 0.65490
0.58200 0.00000 0.33725 0.66275
0.58590 0.00000 0.33725 0.66275
0.58590 0.00000 0.32549 0.67451
0.58980 0.00000 0.32549 0.67451
0.58980 0.00000 0.31765 0.68235
0.59380 0.00000 0.31765 0.68235
0.59380 0.00000 0.30588 0.69412
0.59770 0.00000 0.30588 0.69412
0.59770 0.00000 0.29804 0.70196
0.60160 0.00000 0.29804 0.70196
0.60160 0.00000 0.28627 0.71373
0.60550 0.00000 0.28627 0.71373
0.60550 0.00000 0.27451 0.72549
0.60940 0.00000 0.27451 0.72549
0.60940 0.00000 0.26275 0.73725
0.61330 0.00000 0.26275 0.73725
0.61330 0.00000 0.25098 0.74902
0.61720 0.00000 0.25098 0.74902
0.61720 0.00000 0.23922 0.76078
0.62110 0.00000 0.23922 0.76078
0.62110 0.00000 0.22353 0.77647
0.62500 0.00000 0.22353 0.77647
0.62500 0.00000 0.21176 0.78824
0.62890 0.00000 0.21176 0.78824
0.62890 0.00000 0.19608 0.80392
0.63280 0.00000 0.19608 0.80392
0.63280 0.00000 0.18039 0.81961
0.63670 0.00000 0.18039 0.81961
0.63670 0.00000 0.16471 0.83529
0.64060 0.00000 0.16471 0.83529
0.64060 0.00000 0.14902 0.85098
0.64450 0.00000 0.14902 0.85098
0.64450 0.00000 0.12941 0.87059
0.64840 0.00000 0.12941 0.87059
0.64840 0.00000 0.10980 0.89020
0.65230 0.00000 0.10980 0.89020
0.65230 0.00000 0.09020 0.90980
0.65620 0.00000 0.09020 0.90980
0.65620 0.00000 0.06667 0.93333
0.66020 0.00000 0.06667 0.93333
0.66020 0.00000 0.04314 0.95686
0.66410 0.00000 0.04314 0.95686
0.66410 0.00000 0.01961 0.98039
0.66800 0.00000 0.01961 0.98039
0.66800 0.00784 0.00000 0.99216
0.67190 0.00784 0.00000 0.99216
0.67190 0.03529 0.00000 0.96471
0.67580 0.03529 0.00000 0.96471
0.67580 0.05882 0.00000 0.94118
0.67970 0.05882 0.00000 0.94118
0.67970 0.08235 0.00000 0.91765
0.68360 0.08235 0.00000 0.91765
0.68360 0.10588 0.00000 0.89412
0.68750 0.10588 0.00000 0.89412
0.68750 0.12549 0.00000 0.87451
0.69140 0.12549 0.00000 0.87451
0.69140 0.14118 0.00000 0.85882
0.69530 0.14118 0.00000 0.85882
0.69530 0.16078 0.00000 0.83922
0.69920 0.16078 0.00000 0.83922
0.69920 0.17647 0.00000 0.82353
0.70310 0.17647 0.00000 0.82353
0.70310 0.19216 0.00000 0.80784
0.70700 0.19216 0.00000 0.80784
0.70700 0.20784 0.00000 0.79216
0.71090 0.20784 0.00000 0.79216
0.71090 0.21961 0.00000 0.78039
0.71480 0.21961 0.00000 0.78039
0.71480 0.23529 0.00000 0.76471
0.71880 0.23529 0.00000 0.76471
0.71880 0.24706 0.00000 0.75294
0.72270 0.24706 0.00000 0.75294
0.72270 0.25882 0.00000 0.74118
0.72660 0.25882 0.00000 0.74118
0.72660 0.27059 0.00000 0.72941
0.73050 0.27059 0.00000 0.72941
0.73050 0.28235 0.00000 0.71765
0.73440 0.28235 0.00000 0.71765
0.73440 0.29412 0.00000 0.70588
0.73830 0.29412 0.00000 0.70588
0.73830 0.30196 0.00000 0.69804
0.74220 0.30196 0.00000 0.69804
0.74220 0.31373 0.00000 0.68627
0.74610 0.31373 0.00000 0.68627
0.74610 0.32549 0.00000 0.67451
0.75000 0.32549 0.00000 0.67451
0.75000 0.33333 0.00000 0.66667
0.75390 0.33333 0.00000 0.66667
0.75390 0.34118 0.00000 0.65882
0.75780 0.34118 0.00000 0.65882
0.75780 0.35294 0.00000 0.64706
0.76170 0.35294 0.00000 0.64706
0.76170 0.36078 0.00000 0.63922
0.76560 0.36078 0.00000 0.63922
0.76560 0.36863 0.00000 0.63137
0.76950 0.36863 0.00000 0.63137
0.76950 0.37647 0.00000 0.62353
0.77340 0.37647 0.00000 0.62353
0.77340 0.38431 0.00000 0.61569
0.77730 0.38431 0.00000 0.61569
0.77730 0.39216 0.00000 0.60784
0.78120 0.39216 0.00000 0.60784
0.78120 0.40392 0.00000 0.59608
0.78520 0.40392 0.00000 0.59608
0.78520 0.41176 0.00000 0.58824
0.78910 0.41176 0.00000 0.58824
0.78910 0.41569 0.00000 0.58431
0.79300 0.41569 0.00000 0.58431
0.79300 0.42353 0.00000 0.57647
0.79690 0.42353 0.00000 0.57647
0.79690 0.43137 0.00000 0.56863
0.80080 0.43137 0.00000 0.56863
0.80080 0.43922 0.00000 0.56078
0.80470 0.43922 0.00000 0.56078
0.80470 0.44706 0.00000 0.55294
0.80860 0.44706 0.00000 0.55294
0.80860 0.45490 0.00000 0.54510
0.81250 0.45490 0.00000 0.54510
0.81250 0.46275 0.00000 0.53725
0.81640 0.46275 0.00000 0.53725
0.81640 0.47059 0.00000 0.52941
0.82030 0.47059 0.00000 0.52941
0.82030 0.47451 0.00000 0.52549
0.82420 0.47451 0.00000 0.52549
0.82420 0.48235 0.00000 0.51765
0.82810 0.48235 0.00000 0.51765
0.82810 0.49020 0.00000 0.50980
0.83200 0.49020 0.00000 0.50980
0.83200 0.49804 0.00000 0.50196
0.83590 0.49804 0.00000 0.50196
0.83590 0.50588 0.00000 0.49412
0.83980 0.50588 0.00000 0.49412
0.83980 0.51373 0.00000 0.48627
0.84380 0.51373 0.00000 0.48627
0.84380 0.51765 0.00000 0.48235
0.84770 0.51765 0.00000 0.48235
0.84770 0.52549 0.00000 0.47451
0.85160 0.52549 0.00000 0.47451
0.85160 0.53333 0.00000 0.46667
0.85550 0.53333 0.00000 0.46667
0.85550 0.54118 0.00000 0.45882
0.85940 0.54118 0.00000 0.45882
0.85940 0.54902 0.00000 0.45098
0.86330 0.54902 0.00000 0.45098
0.86330 0.55686 0.00000 0.44314
0.86720 0.55686 0.00000 0.44314
0.86720 0.56078 0.00000 0.43922
0.87110 0.56078 0.00000 0.43922
0.87110 0.56863 0.00000 0.43137
0.87500 0.56863 0.00000 0.43137
0.87500 0.57647 0.00000 0.42353
0.87890 0.57647 0.00000 0.42353
0.87890 0.58431 0.00000 0.41569
0.88280 0.58431 0.00000 0.41569
0.88280 0.59216 0.00000 0.40784
0.88670 0.59216 0.00000 0.40784
0.88670 0.60000 0.00000 0.40000
0.89060 0.60000 0.00000 0.40000
0.89060 0.60784 0.00000 0.39216
0.89450 0.60784 0.00000 0.39216
0.89450 0.61569 0.00000 0.38431
0.89840 0.61569 0.00000 0.38431
0.89840 0.62353 0.00000 0.37647
0.90230 0.62353 0.00000 0.37647
0.90230 0.63529 0.00000 0.36471
0.90620 0.63529 0.00000 0.36471
0.90620 0.64314 0.00000 0.35686
0.91020 0.64314 0.00000 0.35686
0.91020 0.65098 0.00000 0.34902
0.91410 0.65098 0.00000 0.34902
0.91410 0.65882 0.00000 0.34118
0.91800 0.65882 0.00000 0.34118
0.91800 0.67059 0.00000 0.32941
0.92190 0.67059 0.00000 0.32941
0.92190 0.67843 0.00000 0.32157
0.92580 0.67843 0.00000 0.32157
0.92580 0.69020 0.00000 0.30980
0.92970 0.69020 0.00000 0.30980
0.92970 0.69804 0.00000 0.30196
0.93360 0.69804 0.00000 0.30196
0.93360 0.70980 0.00000 0.29020
0.93750 0.70980 0.00000 0.29020
0.93750 0.72157 0.00000 0.27843
0.94140 0.72157 0.00000 0.27843
0.94140 0.73333 0.00000 0.26667
0.94530 0.73333 0.00000 0.26667
0.94530 0.74510 0.00000 0.25490
0.94920 0.74510 0.00000 0.25490
0.94920 0.75686 0.00000 0.24314
0.95310 0.75686 0.00000 0.24314
0.95310 0.76863 0.00000 0.23137
0.95700 0.76863 0.00000 0.23137
0.95700 0.78431 0.00000 0.21569
0.96090 0.78431 0.00000 0.21569
0.96090 0.80000 0.00000 0.20000
0.96480 0.80000 0.00000 0.20000
0.96480 0.81176 0.00000 0.18824
0.96880 0.81176 0.00000 0.18824
0.96880 0.82745 0.00000 0.17255
0.97270 0.82745 0.00000 0.17255
0.97270 0.84706 0.00000 0.15294
0.97660 0.84706 0.00000 0.15294
0.97660 0.86275 0.00000 0.13725
0.98050 0.86275 0.00000 0.13725
0.98050 0.88235 0.00000 0.11765
0.98440 0.88235 0.00000 0.11765
0.98440 0.90196 0.00000 0.09804
0.98830 0.90196 0.00000 0.09804
0.98830 0.92549 0.00000 0.07451
0.99220 0.92549 0.00000 0.07451
0.99220 0.94902 0.00000 0.05098
0.99610 0.94902 0.00000 0.05098
0.99610 0.97255 0.00000 0.02745
1.00000 0.97255 0.00000 0.02745
